


MVA-0:
19,176

MVA-1:
94,207 -- 0
94,197 -- 1
108,207 -- 2
108,202 -- 3
94,202 -- 4
19,202 -- 5
19,192 -- 6
108,192 -- 7
108,197 -- 8
108,187 -- 9
94,192 -- 10
94,187 -- 11
19,207 -- 12
19,197 -- 13
19,187 -- 14

MVA-2:
94,166 -- 0
94,171 -- 1
94,161 -- 2
108,166 -- 3
108,171 -- 4
108,181 -- 5
108,176 -- 6
108,161 -- 7

MVA-3:
94,119 -- 0
108,124 -- 1
94,129 -- 2
108,135 -- 3
128,124 -- 4
128,119 -- 5
108,114 -- 6
128,114 -- 7

MVA-4:
108,140 -- 0
19,114 -- 1
94,124 -- 2
19,119, -- 3
94,135 -- 4
19,145 -- 5
94,145 -- 6
108,129 -- 7
94,140 -- 8
19,129 -- 9
19,135 -- 10
19,140 -- 11
19,124 -- 12
19,150 -- 13
94,150 -- 14

MVA-5:
94,67
108,77 -- 0
94,72 -- 1
19,41 -- 2
108,93 -- 3
94,62 -- 4
128,88 -- 5
19,67 -- 6
108,57 -- 7
19,109 -- 8
19,31 -- 9
19,51 -- 10
128,67 -- 11
19,36 -- 12
108,88 -- 13
19,57 -- 14
108,67 -- 15
94,46 -- 16
94,57 -- 17
94,36 -- 18
94,109 -- 19
94,41 -- 20
108,62 -- 21
128,77 -- 22
108,83 -- 23
94,51 -- 24
108,72 -- 25
128,93 -- 26
19,62 -- 27
128,72 -- 28
128,83 -- 29
19,46 -- 30
19,72 -- 31

MVA-6:
128,109 -- 0
128,98 -- 1
108,103 -- 2
128,103 -- 3

MVA-7:
19,83 -- 0
94,77 -- 1
19,98 -- 2
19,77 -- 3
94,88 -- 4
19,93 -- 5
19,103 -- 6
94,83 -- 7

MVA-8:
19,161